	id	baseMean	log2FoldChange	lfcSE	stat	pvalue	padj
pCAMKII_N	pCAMKII_N	4164.74036276832	0.424696102908723	0.0398125074099403	10.6674040530963	1.44610110674402e-26	1.11349785219289e-24
Ubiquitin_N	Ubiquitin_N	1332.22856955136	0.120874308648224	0.0131102870957581	9.21980638298401	2.97637165074705e-20	1.14590308553761e-18
pPKCAB_N	pPKCAB_N	1268.83761049289	-0.244843470273867	0.0281269672682214	-8.70493672279052	3.17751985976532e-18	8.15563430673099e-17
CaNA_N	CaNA_N	1145.87041870661	-0.212070869701597	0.0248401117701668	-8.53743621058483	1.37232686981542e-17	2.64172922439468e-16
pMTOR_N	pMTOR_N	809.657525728673	0.149114142618447	0.0179155517469313	8.32316775529887	8.56431025433857e-17	1.31890377916814e-15
pNR2A_N	pNR2A_N	805.257756206296	0.253658115429745	0.032143845574395	7.89134314507169	2.98951404851028e-15	3.83654302892152e-14
BDNF_N	BDNF_N	308.652302977948	-0.122948802973652	0.0160960289568742	-7.63845562797299	2.19842691293449e-14	2.41826960422794e-13
pJNK_N	pJNK_N	324.727659284352	0.0948949872901409	0.0138845305647916	6.83458377273308	8.22434648802343e-12	7.91593349472256e-11
DSCR1_N	DSCR1_N	586.896661833654	0.104200445451376	0.0155365540677725	6.70679257426322	1.98948742001147e-11	1.7021170148987e-10
pGSK3B_N	pGSK3B_N	152.261957770125	-0.118462208108135	0.0179907347819431	-6.58462311539566	4.56040704747296e-11	3.51151342655418e-10
pCREB_N	pCREB_N	215.597015237485	-0.112482706494324	0.0183999850815031	-6.11319552684851	9.7655597239162e-10	6.83589180674134e-09
MEK_N	MEK_N	275.160712138274	-0.0856706025641012	0.0145723077885315	-5.87900034828556	4.12751503611034e-09	2.64848881483747e-08
pP70S6_N	pP70S6_N	418.04411144958	-0.218533950879115	0.0373459107844691	-5.8516165836822	4.86817857515663e-09	2.88345961759277e-08
AKT_N	AKT_N	737.239420413985	-0.113437606879336	0.0204820870188674	-5.53838125845482	3.05280117551935e-08	1.67904064653564e-07
H3AcK18_N	H3AcK18_N	177.651531199164	0.318059645549827	0.0578307933556119	5.49983195966241	3.80153367451679e-08	1.95145395291862e-07
pPKCG_N	pPKCG_N	1712.36006941146	-0.237917652369611	0.0434711319639546	-5.47300338456537	4.42471658535524e-08	2.12939485670221e-07
P70S6_N	P70S6_N	979.991168580211	0.146460735764069	0.0269126897579379	5.44206978497459	5.26650348927345e-08	2.38541628631797e-07
IL1B_N	IL1B_N	580.616519818303	0.13328739324581	0.0272308319904249	4.89472349918202	9.84440405077841e-07	4.21121728838854e-06
SOD1_N	SOD1_N	768.610253550788	-0.239848492386271	0.0500932085815486	-4.78804411172451	1.68414635113242e-06	6.82522468616823e-06
PKCA_N	PKCA_N	299.76915096367	-0.0777914117633773	0.0165801857661235	-4.69182992643665	2.70772179933175e-06	1.04247289274272e-05
CDK5_N	CDK5_N	284.866357247297	-0.0790475640568305	0.0169672626081613	-4.65882834976623	3.18014235230386e-06	1.16605219584475e-05
pCASP9_N	pCASP9_N	1641.04866263599	0.114795759733747	0.0251472698721189	4.56493926845805	4.99638962318028e-06	1.7487363681131e-05
pRSK_N	pRSK_N	452.468937850161	-0.0664678485225784	0.0149967717527486	-4.43214377190187	9.33007686272085e-06	3.12354747143263e-05
SNCA_N	SNCA_N	172.574590370577	0.103863567093609	0.0252339782814721	4.1160203094044	3.85470354387415e-05	0.000123671738699296
PSD95_N	PSD95_N	2330.87779134592	0.0713993918366018	0.0175248081906331	4.07418963220176	4.61748466027381e-05	0.000142218527536433
P3525_N	P3525_N	295.93850318814	-0.0682187215709462	0.0167905590933165	-4.06292138289194	4.84623550833531e-05	0.000143523128516084
pNUMB_N	pNUMB_N	328.301994986843	0.0700583150794611	0.0173555530778729	4.03665125306668	5.4219574714746e-05	0.000150953537228736
NUMB_N	NUMB_N	176.575592980915	-0.0960318891113393	0.0238481588667438	-4.02680515707464	5.65398467061834e-05	0.000150953537228736
BRAF_N	BRAF_N	273.002621261708	-0.109304197727698	0.0271529005385761	-4.02550724083454	5.68526309043293e-05	0.000150953537228736
ARC_N	ARC_N	131.47966489463	0.065240641302808	0.0163115993713879	3.99964711107645	6.34370047681001e-05	0.000157569334423991
pS6_N	pS6_N	131.47966489463	0.065240641302808	0.0163115993713879	3.99964711107645	6.34370047681001e-05	0.000157569334423991
GluR3_N	GluR3_N	223.685303955805	0.122491414563425	0.0309766963819635	3.95430852447994	7.67563122397378e-05	0.000182549326703058
ELK_N	ELK_N	1177.04779609178	-0.131918993593982	0.0333993937862228	-3.9497421551525	7.8235425729882e-05	0.000182549326703058
JNK_N	JNK_N	235.175931608092	-0.0527249355506182	0.0137167823818683	-3.84382678698128	0.000121130516620452	0.000266487136564994
ERK_N	ERK_N	2355.19978968146	-0.1272579928647	0.0330596743755734	-3.84934199348093	0.000118435552822565	0.000266487136564994
EGR1_N	EGR1_N	197.145903230067	0.141003499968532	0.0367622767811663	3.83554861979522	0.000125284318070919	0.00026796923587391
BCL2_N	BCL2_N	138.975340570692	0.128808207111484	0.0337780630467311	3.81336866277031	0.000137085389345647	0.00028528581025986
TRKA_N	TRKA_N	669.314034041279	-0.0780210646803182	0.0211299773286219	-3.69243485058707	0.000222117251930543	0.000450079694701363
Bcatenin_N	Bcatenin_N	2185.30945388565	-0.0986311006920081	0.0286665943951662	-3.44062846574616	0.000580364855005635	0.00114584855988292
ERBB4_N	ERBB4_N	162.712441142471	0.0493390511458868	0.0151729627333021	3.25177435766028	0.00114687029623223	0.00220772532024705
P38_N	P38_N	465.39170527988	0.0931841338274067	0.0293164224506654	3.17856430075055	0.00148006385687203	0.0027796321214426
AcetylH3K9_N	AcetylH3K9_N	208.352384422531	0.366966255381221	0.117175516321475	3.13176563587257	0.00173758519333386	0.00318557285444541
H3MeK4_N	H3MeK4_N	214.715965195571	0.110777963844315	0.0393432860340911	2.81567644726793	0.00486746599723747	0.00871616004156478
pCFOS_N	pCFOS_N	136.098761213055	0.0952767108575611	0.0366942590436707	2.59650183273002	0.00941784032691412	0.016114971226053
NR1_N	NR1_N	2290.87291090743	-0.0522576498261403	0.0200914457486134	-2.60099001734342	0.00929551588605909	0.016114971226053
pNR2B_N	pNR2B_N	1581.57493253702	0.0659553090263769	0.0255168757841821	2.58477211646979	0.00974433778848454	0.0163111741242024
RSK_N	RSK_N	165.693549447379	-0.0624990186670157	0.024293056598995	-2.57271119475353	0.0100905370546632	0.0165313053874269
GSK3B_N	GSK3B_N	1056.07973575971	-0.042942426784748	0.0175728867660859	-2.44367515459231	0.0145385104982315	0.0233221939242464
TIAM1_N	TIAM1_N	422.998232475707	0.0440628190314572	0.0189039606366116	2.33087763344788	0.0197598129833626	0.0310511346881412
pELK_N	pELK_N	1304.00074665376	-0.0991618008697469	0.0438942447238575	-2.25910712198336	0.0238767222390724	0.0367701522481715
SYP_N	SYP_N	452.45157687958	-0.0419836808261135	0.01922323325529	-2.18400725146277	0.0289617152150553	0.0437265112070443
S6_N	S6_N	395.06343180429	-0.114821836098763	0.055372168093248	-2.07363807581817	0.0381129362255596	0.0564364632570786
BAX_N	BAX_N	181.070403695407	-0.0303611231666529	0.0165457152263025	-1.83498402767069	0.0665080560906525	0.0966249116788725
RAPTOR_N	RAPTOR_N	319.560665625571	0.0319599307721564	0.0182414933293441	1.75204574511146	0.0797659422979187	0.113740325128514
GFAP_N	GFAP_N	116.166178212737	-0.0343232654863294	0.020734410431577	-1.65537696861916	0.0978480548482015	0.136987276787482
CAMKII_N	CAMKII_N	363.464269725997	-0.0248542121634454	0.0180968963491081	-1.37339639261792	0.169629150625096	0.233240082109507
pAKT_N	pAKT_N	241.569193647083	0.0207830039349541	0.0179171932955029	1.15994752036138	0.246070173458837	0.33241058519878
pMEK_N	pMEK_N	283.676215482095	-0.0153291120763322	0.0143141596191482	-1.0709054868877	0.284211928508158	0.3773158361229
pGSK3B_Tyr216_N	pGSK3B_Tyr216_N	856.548987100253	-0.0175724556176047	0.0177558132504613	-0.989673374557947	0.32233379304626	0.420672916348509
CREB_N	CREB_N	180.186133614189	-0.018628772508283	0.0194075715879548	-0.959871379263379	0.337119952291204	0.432637272107045
RRP1_N	RRP1_N	164.736583154183	-0.0314224228252337	0.0349416466603445	-0.899282828044142	0.36850203161689	0.465158302204926
MTOR_N	MTOR_N	471.218781537833	-0.0155741354885712	0.0211516233836516	-0.736309228189489	0.461542531456386	0.564107538446694
DYRK1A_N	DYRK1A_N	310.226039940994	-0.0267971992017273	0.0358064482024749	-0.748390319257497	0.454224760022634	0.564107538446694
Tau_N	Tau_N	217.27414244046	0.0314584897393019	0.0531756641791113	0.591595614740991	0.554121411092073	0.656845296854721
pNR1_N	pNR1_N	834.668632228886	0.0109721717277304	0.0189706533884492	0.578376058170514	0.563010254446904	0.656845296854721
BAD_N	BAD_N	161.666937803806	-0.0194453037239346	0.0334443363634672	-0.581422920538965	0.560955453436777	0.656845296854721
NR2A_N	NR2A_N	3728.09214730883	0.0172189207088111	0.0349327458095261	0.492916325636088	0.62207171136948	0.714918235454477
pBRAF_N	pBRAF_N	184.738149129515	0.00618398500421457	0.0174504536942194	0.354373881193878	0.723058705959809	0.815088656184883
NR2B_N	NR2B_N	588.278115325575	0.00586001475096752	0.0170058579229115	0.344588010644997	0.730404120477363	0.815088656184883
SHH_N	SHH_N	240.947397151065	-0.00903486828944221	0.0292539085320798	-0.308843116793593	0.75744086890235	0.833184955792585
nNOS_N	nNOS_N	197.207295483263	0.00444203049120418	0.0169494959544685	0.262074489007627	0.793264014391995	0.854934309295858
ITSN1_N	ITSN1_N	518.481210950073	-0.00736541188916666	0.0289863894909078	-0.254098976054847	0.799419094406517	0.854934309295858
APP_N	APP_N	396.948078059421	-0.00329835163483586	0.0188548694930755	-0.174933676207474	0.861131748471522	0.908317049757633
AMPKA_N	AMPKA_N	370.069528345749	-0.00248708409219019	0.0185644297086827	-0.133970400988238	0.89342597999518	0.929645952157147
ADARB1_N	ADARB1_N	1123.81088868961	0.00352497970559631	0.0332898894994868	0.105887395800778	0.915671694537372	0.940089606391702
GluR4_N	GluR4_N	126.157748347306	0.000537582051578717	0.0289098458564501	0.0185951199549124	0.985164095876036	0.992306374712468
pERK_N	pERK_N	355.522251196937	-0.000254976731621952	0.026442520560945	-0.00964267876938127	0.992306374712468	0.992306374712468
