	id	baseMean	log2FoldChange	lfcSE	stat	pvalue	padj
SOD1_N	SOD1_N	557.615019927387	-1.39405983381149	0.0387218417016034	-36.001898994225	7.81205250855408e-284	6.01528043158664e-282
pERK_N	pERK_N	474.33129948978	0.768713767412386	0.0315160117634478	24.3912133674204	2.11978409504545e-131	8.16116876592498e-130
GSK3B_N	GSK3B_N	1164.49183238283	0.274038229700302	0.0146251272599749	18.7374936866547	2.44894251495881e-78	6.28561912172761e-77
pPKCAB_N	pPKCAB_N	1668.97796107406	0.564144852164112	0.0308270469449573	18.3003209218	8.22628999711782e-75	1.58356082444518e-73
CaNA_N	CaNA_N	1430.58607324446	0.46399377899466	0.025915988240786	17.9037656092326	1.10211600303525e-71	1.69725864467429e-70
DYRK1A_N	DYRK1A_N	376.269851309798	0.524785244255464	0.0319176676604125	16.4418418613449	9.59577099022566e-61	1.23145727707896e-59
P38_N	P38_N	392.062567788916	-0.385895351861306	0.0262467531973118	-14.7025938393336	6.20371137800615e-49	6.82408251580676e-48
ITSN1_N	ITSN1_N	592.653419134346	0.394088826904376	0.0273913401703519	14.387351055241	6.21303429553235e-47	5.98004550944989e-46
BRAF_N	BRAF_N	315.50543105826	0.343441329666036	0.0262374050942045	13.0897597697989	3.76797659406893e-39	3.22371330825898e-38
pMEK_N	pMEK_N	261.001647975086	-0.212853021826688	0.0172979477436842	-12.305102604117	8.50283075782318e-35	6.54717968352385e-34
pNUMB_N	pNUMB_N	347.391489276679	0.257931930930723	0.0220002523211282	11.7240442139391	9.59782072801637e-32	6.71847450961146e-31
pAKT_N	pAKT_N	219.339123112682	-0.221875612188242	0.0195419218831766	-11.3538276078799	7.09857059227901e-30	4.5549161300457e-29
pCAMKII_N	pCAMKII_N	3075.38988911538	-0.450811203635126	0.0409947697435789	-10.9967980416755	3.95942419334624e-28	2.34519740682816e-27
NUMB_N	NUMB_N	195.346528287567	0.24300843612184	0.0222717775390334	10.9110481054305	1.02072651197086e-27	5.61399581583972e-27
pGSK3B_N	pGSK3B_N	165.776820552949	0.181914497971016	0.0169321388382422	10.7437400383318	6.34219266420503e-27	3.25565890095858e-26
pBRAF_N	pBRAF_N	171.680475183442	-0.164183379204705	0.015833107723833	-10.3696243383455	3.4086210138604e-25	1.64039886292032e-24
ARC_N	ARC_N	119.951328266101	-0.159809644368477	0.0162473807962203	-9.83602504138111	7.87614055077057e-23	3.36923790227408e-22
pS6_N	pS6_N	119.951328266101	-0.159809644368477	0.0162473807962203	-9.83602504138111	7.87614055077057e-23	3.36923790227408e-22
AKT_N	AKT_N	696.849070990024	-0.221163645222171	0.0232098343457943	-9.52887650670572	1.58994543433311e-21	6.44346307598156e-21
Ubiquitin_N	Ubiquitin_N	1202.16702916028	-0.14116353865316	0.0153114427449446	-9.21947990170737	2.98544751279039e-20	1.1493972924243e-19
pP70S6_N	pP70S6_N	374.724113185334	-0.496309899207488	0.0542986434703322	-9.14037381944287	6.22368206001901e-20	2.2820167553403e-19
nNOS_N	nNOS_N	180.700540332861	-0.205348493647591	0.0230199337659229	-8.92046413928325	4.64338072414115e-19	1.6251832534494e-18
CREB_N	CREB_N	170.735684024588	-0.130526183069796	0.0154783267044688	-8.43283551006267	3.37388780126438e-17	1.12951895955373e-16
CDK5_N	CDK5_N	305.148431991678	0.168066803673036	0.0222410921554796	7.55658950999982	4.13775188154479e-14	1.32752872866229e-13
PKCA_N	PKCA_N	318.05916542416	0.143259949646548	0.0190330656839917	7.52689829505714	5.1959810423183e-14	1.60036216103404e-13
ADARB1_N	ADARB1_N	1242.54930215769	0.31632283503726	0.0422207577507444	7.49211648224583	6.77717330187036e-14	2.00708593940007e-13
GFAP_N	GFAP_N	121.539683259507	0.14003408558911	0.0192694070254859	7.26717150163984	3.67092633643451e-13	1.04689380705725e-12
NR2B_N	NR2B_N	540.142436733082	-0.200466980010439	0.0280635824656362	-7.14331394631855	9.11072132897398e-13	2.50544836546784e-12
MTOR_N	MTOR_N	440.1474220023	-0.167646245525627	0.0239029031585552	-7.0136353067064	2.32204185606042e-12	6.16542147988456e-12
S6_N	S6_N	457.889868576408	0.348930694502691	0.0499347654106643	6.98773072493843	2.79367914332448e-12	7.17044313453284e-12
IL1B_N	IL1B_N	516.905556101963	-0.167226351545736	0.0245965969435638	-6.79875967921221	1.0552367113953e-11	2.62107183153026e-11
pCREB_N	pCREB_N	210.792512068937	-0.118986329368521	0.0175731310608498	-6.77092368778855	1.27962761231452e-11	3.07910394213182e-11
ERK_N	ERK_N	2595.77502126481	0.205392003702916	0.0326754566054626	6.28581893079281	3.26129887351403e-10	7.60969737153275e-10
RSK_N	RSK_N	159.517073035319	-0.120654456010749	0.0194493592438282	-6.20351830094535	5.52146160575377e-10	1.25044865777365e-09
CAMKII_N	CAMKII_N	350.211387078674	-0.0848425682249108	0.0151683971271454	-5.59337730372818	2.22694617407651e-08	4.89928158296833e-08
SNCA_N	SNCA_N	157.467638612852	-0.124297933075238	0.0229706860427145	-5.41115458389459	6.2619685976327e-08	1.33936550560477e-07
P70S6_N	P70S6_N	966.23718241868	0.137243444020674	0.0254221261813064	5.39858244121191	6.71695013189566e-08	1.39785178420531e-07
pJNK_N	pJNK_N	299.995015381794	-0.0943162839333275	0.0179341565914515	-5.25903091413199	1.44816545227672e-07	2.93444052171862e-07
BAX_N	BAX_N	184.834219717114	0.0793658784786628	0.0155620952916173	5.09994811054873	3.39746608698775e-07	6.70781765892454e-07
RAPTOR_N	RAPTOR_N	300.311376794831	-0.105871809939469	0.0218956931669328	-4.83528012254749	1.32958267757112e-06	2.5594466543244e-06
APP_N	APP_N	404.075059598718	0.0910913464062645	0.0190345490639054	4.7855794272005	1.70494743534399e-06	3.18994319109477e-06
H3MeK4_N	H3MeK4_N	192.017591844246	-0.177230371514829	0.0370658958956576	-4.7814943422315	1.73996901332442e-06	3.18994319109477e-06
SHH_N	SHH_N	228.955073689199	-0.107914751968244	0.0228025316088364	-4.73257767249077	2.21686430119257e-06	3.96973374864716e-06
pMTOR_N	pMTOR_N	718.667926397851	-0.162853007769295	0.0349303513002769	-4.6622207251607	3.12815424217098e-06	5.47426992379921e-06
MEK_N	MEK_N	270.444706243078	-0.0775593763846679	0.0171958449611428	-4.51035564462972	6.47190303385279e-06	1.10741451912592e-05
EGR1_N	EGR1_N	176.628262522976	-0.14224064443444	0.0322682920614824	-4.40806238407108	1.04299506493888e-05	1.74588304348464e-05
GluR3_N	GluR3_N	220.005901157169	0.110330881553269	0.0273032863991471	4.04093778090816	5.32378829272826e-05	8.72195103276757e-05
pNR2A_N	pNR2A_N	699.893644790872	-0.121362312016902	0.032655342917629	-3.71646111091317	0.000202032721090155	0.00032409415674879
PSD95_N	PSD95_N	2196.86761391001	-0.0585233531616125	0.0161984803045552	-3.61289158373426	0.000302801331635164	0.000475830663998115
TRKA_N	TRKA_N	690.218164718774	0.0642167607764298	0.0197547986962219	3.25069173135695	0.00115124612568217	0.00177291903355055
BAD_N	BAD_N	154.860035267039	-0.0958710064457116	0.0295923881031735	-3.23971847461106	0.00119647767212771	0.00180644668144772
pRSK_N	pRSK_N	444.006030129828	-0.0661938550939092	0.0211236813884495	-3.13363252724045	0.00172656931060363	0.0025566507099323
pCASP9_N	pCASP9_N	1593.64702111152	0.0667542502912316	0.021903259299962	3.04768570636185	0.002306109844273	0.00335038600017021
pGSK3B_Tyr216_N	pGSK3B_Tyr216_N	862.796771372749	0.0514206400833987	0.0191155642900754	2.68998808003256	0.00714545712964121	0.0101888925737476
Tau_N	Tau_N	204.269731971602	-0.102755095921072	0.0406026138249395	-2.53075076309387	0.0113818693496988	0.0159346170895784
Bcatenin_N	Bcatenin_N	2167.55683875183	-0.0646196590389399	0.0259081646885081	-2.49418126740575	0.0126248053627335	0.0173591073737585
JNK_N	JNK_N	232.729309356111	-0.0321262892426483	0.0129460357081964	-2.48155419672669	0.0130810816192089	0.0176709348189313
NR2A_N	NR2A_N	3760.01874047687	0.0832564225632163	0.0337849158911794	2.46430752799219	0.0137278270820975	0.0182248738848536
DSCR1_N	DSCR1_N	544.141480934919	-0.0766671880534467	0.0315241179296484	-2.43201691557375	0.0150150060633238	0.0195958553707785
pNR2B_N	pNR2B_N	1554.79886626498	0.0552820780407652	0.0241009906427723	2.29376787287139	0.0218038357402361	0.0279815891999696
GluR4_N	GluR4_N	126.613030200233	0.0585930451250045	0.0263096399413579	2.22705613819132	0.0259435221324454	0.0327483803966934
ERBB4_N	ERBB4_N	155.818441323065	-0.0316861349247206	0.0145591426539202	-2.17637368339053	0.0295273299551023	0.0366710388152077
BCL2_N	BCL2_N	128.454627401809	-0.0624667675457752	0.0289004059448283	-2.16144948500122	0.0306606350674845	0.0374741095269255
ELK_N	ELK_N	1240.18297215154	0.079307756317014	0.0406610350644911	1.95046083286436	0.0511212173187251	0.0615052145865912
RRP1_N	RRP1_N	166.656959503945	0.0517802090597818	0.0307521696001394	1.68379043602657	0.0922221761973942	0.109247808726144
SYP_N	SYP_N	456.325394905367	0.0345761596564837	0.0211418586057731	1.63543614122185	0.101957651259468	0.118950593136046
H3AcK18_N	H3AcK18_N	153.877678818643	-0.0633911432384632	0.0454830021477224	-1.39373260877938	0.16339836529518	0.187786181010878
NR1_N	NR1_N	2312.64031879907	0.0265593506116964	0.0192667304226328	1.37850844585945	0.168046362034691	0.190287792303988
AcetylH3K9_N	AcetylH3K9_N	189.988115040065	0.129772589635994	0.0967634573022982	1.34113221306853	0.179877530180232	0.20073289599823
pPKCG_N	pPKCG_N	1863.26730767906	0.0828402047270093	0.0633332746154974	1.30800444521368	0.190871801561055	0.20995898171716
BDNF_N	BDNF_N	317.649832509324	0.0211452969366068	0.0163097303168692	1.29648354238795	0.19480894643136	0.211271674298799
pELK_N	pELK_N	1344.16496790219	0.0448310188221635	0.042538231222595	1.05389945782115	0.291928951166412	0.312201794997413
pCFOS_N	pCFOS_N	131.203233504168	0.0283326574564918	0.0318425942671383	0.889772272284081	0.37358817795676	0.394058763050282
pNR1_N	pNR1_N	823.400976045538	0.0167335669003691	0.0205188694183739	0.815520902208423	0.414774204965641	0.431589375437221
TIAM1_N	TIAM1_N	412.827688696796	0.0147336511600734	0.0186446480232279	0.790234878219097	0.429390610398605	0.440841026675901
P3525_N	P3525_N	298.344381999148	0.00947344997352993	0.0171915320479653	0.551053271290687	0.581597157086547	0.589249751258739
AMPKA_N	AMPKA_N	362.993279125767	-0.0104525237961903	0.0229143494019122	-0.456156254443688	0.648277620154421	0.648277620154421
